0.000000  0.000000 
0.010000  0.000000 
0.020000  0.000000 
0.030000  0.000000 
0.040000  0.000000 
0.050000  0.000000 
0.060000  0.000000 
0.070000  0.000000 
0.080000  0.000000 
0.090000  0.000000 
0.100000  0.000000 
0.110000  0.000000 
0.120000  0.000000 
0.130000  0.000000 
0.140000  0.000000 
0.150000  0.000000 
0.160000  0.000000 
0.170000  0.000000 
0.180000  0.000000 
0.190000  0.000000 
0.200000  0.000000 
0.210000  0.000000 
0.220000  0.000000 
0.230000  0.000000 
0.240000  0.000000 
0.250000  0.000000 
0.260000  0.000000 
0.270000  0.000000 
0.280000  0.000000 
0.290000  0.000000 
0.300000  0.000000 
0.310000  0.000000 
0.320000  0.000000 
0.330000  0.000000 
0.340000  0.000000 
0.350000  0.000000 
0.360000  0.000000 
0.370000  0.000000 
0.380000  0.000000 
0.390000  0.000000 
0.400000  0.000000 
0.410000  0.000000 
0.420000  0.000000 
0.430000  0.000000 
0.440000  0.000000 
0.450000  0.000000 
0.460000  0.000000 
0.470000  0.000000 
0.480000  0.000000 
0.490000  0.000000 
0.500000  0.000000 
0.510000  0.000000 
0.520000  0.000000 
0.530000  0.000000 
0.540000  0.000000 
0.550000  0.000000 
0.560000  0.000000 
0.570000  0.000000 
0.580000  0.000000 
0.590000  0.000000 
0.600000  0.000000 
0.610000  0.000000 
0.620000  0.000000 
0.630000  0.000000 
0.640000  0.000000 
0.650000  0.000000 
0.660000  0.000000 
0.670000  0.000000 
0.680000  0.000000 
0.690000  0.000000 
0.700000  0.000000 
0.710000  0.000000 
0.720000  0.000000 
0.730000  0.000000 
0.740000  0.000000 
0.750000  0.000000 
0.760000  0.000000 
0.770000  0.000000 
0.780000  0.000000 
0.790000  0.000000 
0.800000  0.000000 
0.810000  0.000000 
0.820000  0.000000 
0.830000  0.000000 
0.840000  0.000000 
0.850000  0.000000 
0.860000  0.000000 
0.870000  0.000000 
0.880000  0.000000 
0.890000  0.000000 
0.900000  0.000000 
0.910000  0.000000 
0.920000  0.000000 
0.930000  0.000000 
0.940000  0.000000 
0.950000  0.000000 
0.960000  0.000000 
0.970000  0.000000 
0.980000  0.000000 
0.990000  0.000000 
1.000000  1.585029 
1.010000  1.587522 
1.020000  1.515061 
1.030000  1.516787 
1.040000  1.509108 
1.050000  1.481623 
1.060000  1.483686 
1.070000  1.471789 
1.080000  1.438893 
1.090000  1.449695 
1.100000  1.423038 
1.110000  1.421440 
1.120000  1.412590 
1.130000  1.419065 
1.140000  1.384795 
1.150000  1.373337 
1.160000  1.349548 
1.170000  1.347889 
1.180000  1.335872 
1.190000  1.310657 
1.200000  1.332353 
1.210000  1.301494 
1.220000  1.307194 
1.230000  1.285720 
1.240000  1.265823 
1.250000  1.264144 
1.260000  1.254215 
1.270000  1.250385 
1.280000  1.234927 
1.290000  1.243746 
1.300000  1.237117 
1.310000  1.228349 
1.320000  1.218733 
1.330000  1.201185 
1.340000  1.216120 
1.350000  1.190630 
1.360000  1.183246 
1.370000  1.157351 
1.380000  1.177230 
1.390000  1.172545 
1.400000  1.158308 
1.410000  1.146745 
1.420000  1.131712 
1.430000  1.139759 
1.440000  1.130084 
1.450000  1.123620 
1.460000  1.115431 
1.470000  1.101364 
1.480000  1.114270 
1.490000  1.091114 
1.500000  1.078474 
1.510000  1.077409 
1.520000  1.066070 
1.530000  1.073418 
1.540000  1.072317 
1.550000  1.061473 
1.560000  1.062929 
1.570000  1.044955 
1.580000  1.044724 
1.590000  1.038038 
1.600000  1.040400 
1.610000  1.036189 
1.620000  1.018824 
1.630000  1.022483 
1.640000  0.997212 
1.650000  1.008335 
1.660000  1.000781 
1.670000  1.000154 
1.680000  0.997101 
1.690000  0.985529 
1.700000  0.992713 
1.710000  1.000064 
1.720000  0.981848 
1.730000  0.957603 
1.740000  0.967691 
1.750000  0.970958 
1.760000  0.959864 
1.770000  0.965112 
1.780000  0.965993 
1.790000  0.964678 
1.800000  0.951382 
1.810000  0.949313 
1.820000  0.958309 
1.830000  0.957631 
1.840000  0.952892 
1.850000  0.942141 
1.860000  0.933553 
1.870000  0.959839 
1.880000  0.947698 
1.890000  0.944058 
1.900000  0.957076 
1.910000  0.935624 
1.920000  0.920001 
1.930000  0.954163 
1.940000  0.948755 
1.950000  0.940639 
1.960000  0.949414 
1.970000  0.946874 
1.980000  0.942862 
1.990000  0.931785 
2.000000  0.950842 
2.010000  0.942963 
2.020000  0.950571 
2.030000  0.957385 
2.040000  0.955370 
2.050000  0.958337 
2.060000  0.966643 
2.070000  0.969954 
2.080000  0.972772 
2.090000  0.979876 
2.100000  0.972870 
2.110000  0.974546 
2.120000  0.982791 
2.130000  0.965035 
2.140000  0.973838 
2.150000  0.987222 
2.160000  1.001663 
2.170000  0.978958 
2.180000  0.982461 
2.190000  0.978671 
2.200000  0.988699 
2.210000  0.999105 
2.220000  0.977763 
2.230000  0.993289 
2.240000  1.007571 
2.250000  1.012467 
2.260000  0.994985 
2.270000  1.006791 
2.280000  1.011305 
2.290000  1.007345 
2.300000  1.005098 
2.310000  1.006129 
2.320000  1.011005 
2.330000  1.014580 
2.340000  1.013399 
2.350000  1.018439 
2.360000  1.025406 
2.370000  1.000719 
2.380000  0.997005 
2.390000  1.014276 
2.400000  1.020692 
2.410000  1.021814 
2.420000  1.027488 
2.430000  1.008963 
2.440000  1.012478 
2.450000  0.997771 
2.460000  1.032280 
2.470000  1.019494 
2.480000  1.029358 
2.490000  1.010924 
2.500000  1.016622 
2.510000  1.017525 
2.520000  1.006915 
2.530000  1.017113 
2.540000  1.013857 
2.550000  1.017194 
2.560000  1.023562 
2.570000  1.009832 
2.580000  1.007427 
2.590000  1.013429 
2.600000  1.026321 
2.610000  1.011454 
2.620000  1.027186 
2.630000  1.010086 
2.640000  1.012787 
2.650000  1.010941 
2.660000  1.009031 
2.670000  1.010760 
2.680000  0.995813 
2.690000  1.019739 
2.700000  1.009666 
2.710000  1.007108 
2.720000  1.008162 
2.730000  1.014964 
2.740000  1.012727 
2.750000  1.013988 
2.760000  1.015789 
2.770000  1.006651 
2.780000  0.995898 
2.790000  1.013626 
2.800000  1.012588 
2.810000  1.016915 
2.820000  1.003752 
2.830000  1.004205 
2.840000  1.011719 
2.850000  1.005777 
2.860000  0.988313 
2.870000  0.992555 
2.880000  0.993742 
2.890000  1.007001 
2.900000  0.993258 
2.910000  0.985679 
2.920000  1.000292 
2.930000  1.003854 
2.940000  1.004069 
2.950000  1.001110 
2.960000  1.003942 
2.970000  0.996965 
2.980000  1.003311 
2.990000  0.992554 
3.000000  1.006923 
3.010000  1.004687 
3.020000  1.003068 
3.030000  1.003911 
3.040000  1.006510 
3.050000  1.012257 
3.060000  0.996887 
3.070000  1.002742 
3.080000  0.997371 
3.090000  1.008592 
3.100000  1.000049 
3.110000  1.005755 
3.120000  0.998208 
3.130000  1.002745 
3.140000  1.005627 
3.150000  1.008042 
3.160000  0.997320 
3.170000  1.004601 
3.180000  1.006464 
3.190000  1.002216 
3.200000  1.008735 
3.210000  1.007568 
3.220000  1.008739 
3.230000  1.004458 
3.240000  1.002092 
3.250000  1.012670 
3.260000  1.005378 
3.270000  0.999198 
3.280000  1.010011 
3.290000  1.013669 
3.300000  0.999273 
3.310000  1.006584 
3.320000  0.998977 
3.330000  1.005926 
3.340000  1.001499 
3.350000  1.002456 
3.360000  0.998742 
3.370000  1.003023 
3.380000  1.011531 
3.390000  1.011709 
3.400000  1.007669 
3.410000  1.001388 
3.420000  1.003182 
3.430000  1.016517 
3.440000  1.001257 
3.450000  0.998775 
3.460000  1.011268 
3.470000  1.003657 
3.480000  1.004498 
3.490000  1.003480 
3.500000  1.002065 
3.510000  1.000203 
3.520000  1.005000 
3.530000  1.011268 
3.540000  1.009731 
3.550000  1.002886 
3.560000  1.002228 
3.570000  1.011794 
3.580000  1.000327 
3.590000  1.004291 
3.600000  0.995078 
3.610000  1.001584 
3.620000  0.997602 
3.630000  0.998467 
3.640000  1.003965 
3.650000  1.002620 
3.660000  0.997485 
3.670000  1.006638 
3.680000  0.997845 
3.690000  1.007942 
3.700000  0.999657 
3.710000  1.001965 
3.720000  0.997829 
3.730000  1.008590 
3.740000  1.016672 
3.750000  1.005145 
3.760000  1.001584 
3.770000  1.013703 
3.780000  1.015755 
3.790000  1.013555 
3.800000  1.011965 
3.810000  1.011530 
3.820000  0.995285 
3.830000  1.007376 
3.840000  0.993747 
3.850000  1.014799 
3.860000  1.005708 
3.870000  1.001933 
3.880000  1.013023 
3.890000  1.016988 
3.900000  1.003563 
3.910000  1.000906 
3.920000  0.993722 
3.930000  1.007748 
3.940000  1.005991 
3.950000  1.010938 
3.960000  1.018023 
3.970000  1.013547 
3.980000  1.006130 
3.990000  1.005046 
4.000000  1.006777 
4.010000  1.002001 
4.020000  1.011916 
4.030000  1.000796 
4.040000  1.008933 
4.050000  0.998517 
4.060000  1.013432 
4.070000  0.997037 
4.080000  1.006716 
4.090000  1.013909 
4.100000  1.002947 
4.110000  0.998671 
4.120000  1.004708 
4.130000  1.011938 
4.140000  1.001484 
4.150000  1.010496 
4.160000  0.994262 
4.170000  1.005617 
4.180000  1.010675 
4.190000  1.008531 
4.200000  0.997033 
4.210000  1.001703 
4.220000  1.005317 
4.230000  1.005607 
4.240000  0.992477 
4.250000  1.006031 
4.260000  0.997376 
4.270000  1.006846 
4.280000  1.005861 
4.290000  1.013288 
4.300000  1.005825 
4.310000  1.007547 
4.320000  1.004345 
4.330000  1.008865 
4.340000  1.010309 
4.350000  1.007145 
4.360000  1.001647 
4.370000  1.009585 
4.380000  1.008795 
4.390000  1.012171 
4.400000  1.007173 
4.410000  1.004660 
4.420000  1.006303 
4.430000  1.009163 
4.440000  1.001108 
4.450000  0.999241 
4.460000  1.014115 
4.470000  1.011209 
4.480000  1.005850 
4.490000  1.009288 
4.500000  1.002811 
4.510000  1.003420 
4.520000  1.002181 
4.530000  0.999357 
4.540000  1.003695 
4.550000  1.011231 
4.560000  1.008560 
4.570000  1.005514 
4.580000  0.999319 
4.590000  1.006696 
4.600000  1.009985 
4.610000  1.004137 
4.620000  0.999193 
4.630000  1.007727 
4.640000  1.009317 
4.650000  1.007175 
4.660000  1.007202 
4.670000  1.013921 
4.680000  1.003448 
4.690000  0.996468 
4.700000  1.006986 
4.710000  1.010497 
4.720000  1.007832 
4.730000  1.001572 
4.740000  1.014939 
4.750000  1.002591 
4.760000  1.015203 
4.770000  1.007704 
4.780000  1.000878 
4.790000  1.007584 
4.800000  1.013408 
4.810000  1.010316 
4.820000  1.003993 
4.830000  1.005255 
4.840000  1.006206 
4.850000  1.001812 
4.860000  1.010604 
4.870000  1.013741 
4.880000  1.002696 
4.890000  1.006899 
4.900000  1.008056 
4.910000  1.012053 
4.920000  1.011881 
4.930000  1.004977 
4.940000  1.002351 
4.950000  1.007550 
4.960000  0.998358 
4.970000  1.006546 
4.980000  1.010400 
4.990000  1.004532 
5.000000  1.002519 
5.010000  1.005021 
5.020000  1.002966 
5.030000  1.010900 
5.040000  1.001441 
5.050000  1.005784 
5.060000  1.007630 
5.070000  1.010705 
5.080000  1.011858 
5.090000  1.008193 
5.100000  1.009614 
5.110000  1.006086 
5.120000  1.004109 
5.130000  1.003944 
5.140000  1.008877 
5.150000  1.009370 
5.160000  1.003143 
5.170000  1.009136 
5.180000  1.014614 
5.190000  1.005099 
5.200000  1.004671 
5.210000  1.002622 
5.220000  1.003483 
5.230000  1.007025 
5.240000  1.016515 
5.250000  1.011209 
5.260000  0.996628 
5.270000  1.004851 
5.280000  1.003152 
5.290000  1.006288 
5.300000  1.001740 
5.310000  1.001310 
5.320000  1.006103 
5.330000  1.016366 
5.340000  1.002859 
5.350000  1.008297 
5.360000  1.007610 
5.370000  1.007230 
5.380000  0.993719 
5.390000  1.010725 
5.400000  1.001081 
5.410000  1.011309 
5.420000  1.006371 
5.430000  1.013069 
5.440000  1.003830 
5.450000  1.008393 
5.460000  1.008136 
5.470000  1.005360 
5.480000  1.007864 
5.490000  1.012013 
5.500000  1.005039 
5.510000  1.012692 
5.520000  1.007088 
5.530000  1.006037 
5.540000  1.000343 
5.550000  1.009518 
5.560000  0.994505 
5.570000  1.006330 
5.580000  1.006681 
5.590000  0.999621 
5.600000  1.011364 
5.610000  1.009793 
5.620000  0.999692 
5.630000  1.002109 
5.640000  1.001599 
5.650000  1.009821 
5.660000  1.007188 
5.670000  1.006124 
5.680000  1.007119 
5.690000  1.000273 
5.700000  0.994661 
5.710000  0.985840 
5.720000  1.000663 
5.730000  1.004672 
5.740000  1.000518 
5.750000  0.990278 
5.760000  1.003272 
5.770000  0.997822 
5.780000  1.002896 
5.790000  0.999175 
5.800000  0.995434 
5.810000  0.993175 
5.820000  1.006284 
5.830000  0.992746 
5.840000  0.995874 
5.850000  0.992086 
5.860000  0.999910 
5.870000  0.994041 
5.880000  0.995772 
5.890000  0.994773 
5.900000  0.999544 
5.910000  0.999799 
5.920000  1.001393 
5.930000  0.991405 
5.940000  0.996960 
5.950000  0.999545 
5.960000  0.992925 
5.970000  1.000363 
5.980000  1.004293 
5.990000  1.003302 
6.000000  0.997378 
6.010000  1.009624 
6.020000  1.007836 
6.030000  1.007972 
6.040000  0.996811 
6.050000  0.999096 
6.060000  1.004629 
6.070000  1.002057 
6.080000  1.004791 
6.090000  1.001935 
6.100000  1.004816 
6.110000  0.999349 
6.120000  1.005299 
6.130000  1.001346 
6.140000  1.001744 
6.150000  0.998372 
6.160000  1.010522 
6.170000  1.009631 
6.180000  1.011951 
6.190000  1.000202 
6.200000  1.001295 
6.210000  1.013013 
6.220000  1.000366 
6.230000  1.012292 
6.240000  1.014750 
6.250000  1.002472 
6.260000  1.001872 
6.270000  1.014179 
6.280000  1.006973 
6.290000  1.012738 
6.300000  1.019903 
6.310000  1.009629 
6.320000  1.015540 
6.330000  1.005232 
6.340000  1.013065 
6.350000  1.005827 
6.360000  1.013045 
6.370000  1.002120 
6.380000  1.006234 
6.390000  1.012142 
6.400000  1.015043 
6.410000  0.995111 
6.420000  1.004441 
6.430000  1.004025 
6.440000  1.003116 
6.450000  1.013871 
6.460000  1.016086 
6.470000  1.010741 
6.480000  1.012977 
6.490000  1.007753 
6.500000  1.014884 
6.510000  1.010715 
6.520000  1.012048 
6.530000  1.016320 
6.540000  1.011712 
6.550000  1.014825 
6.560000  1.008262 
6.570000  1.015359 
6.580000  1.016223 
6.590000  1.013088 
6.600000  1.010590 
6.610000  1.009000 
6.620000  1.005913 
6.630000  1.015926 
6.640000  1.005064 
6.650000  1.014472 
6.660000  1.004772 
6.670000  1.008716 
6.680000  1.012381 
6.690000  1.012135 
6.700000  1.002671 
6.710000  1.007341 
6.720000  0.999578 
6.730000  1.010083 
6.740000  1.001506 
6.750000  1.002042 
6.760000  0.997363 
6.770000  1.005339 
6.780000  1.000786 
6.790000  1.011331 
6.800000  1.003748 
6.810000  1.006059 
6.820000  1.006804 
6.830000  0.999890 
6.840000  0.999383 
6.850000  1.004527 
6.860000  1.004552 
6.870000  1.002513 
6.880000  1.006405 
6.890000  1.001709 
6.900000  1.001276 
6.910000  1.001163 
6.920000  1.007020 
6.930000  1.010408 
6.940000  1.006522 
6.950000  1.005053 
6.960000  0.996716 
6.970000  0.998869 
6.980000  1.008267 
6.990000  1.012355 
7.000000  1.007194 
7.010000  1.002571 
7.020000  1.008862 
7.030000  1.002501 
7.040000  1.003224 
7.050000  1.007667 
7.060000  1.002304 
7.070000  1.007288 
7.080000  1.003446 
7.090000  0.998490 
7.100000  1.007719 
7.110000  1.005166 
7.120000  1.004945 
7.130000  1.007655 
7.140000  1.007478 
7.150000  0.993788 
7.160000  0.998802 
7.170000  0.998961 
7.180000  1.007367 
7.190000  1.012511 
7.200000  1.003049 
7.210000  1.004660 
7.220000  0.997558 
7.230000  1.005667 
7.240000  0.997588 
7.250000  1.006951 
7.260000  1.003501 
7.270000  1.008510 
7.280000  1.009878 
7.290000  1.006606 
7.300000  1.003783 
7.310000  1.012968 
7.320000  1.004770 
7.330000  1.009079 
7.340000  1.013204 
7.350000  1.008752 
7.360000  1.006161 
7.370000  1.004211 
7.380000  1.009025 
7.390000  1.004377 
7.400000  1.006271 
7.410000  1.005790 
7.420000  1.009850 
7.430000  1.005251 
7.440000  1.007583 
7.450000  1.003559 
7.460000  1.007306 
7.470000  1.008015 
7.480000  1.013192 
7.490000  0.998469 
7.500000  1.002000 
7.510000  1.009346 
7.520000  1.003228 
7.530000  1.005303 
7.540000  1.006679 
7.550000  1.001020 
7.560000  1.008410 
7.570000  1.005029 
7.580000  1.002003 
7.590000  1.001249 
7.600000  1.001511 
7.610000  0.998157 
7.620000  1.005841 
7.630000  0.996678 
7.640000  0.998667 
7.650000  1.000547 
7.660000  1.001803 
7.670000  1.007502 
7.680000  1.003277 
7.690000  1.001358 
7.700000  1.000443 
7.710000  1.008757 
7.720000  1.007363 
7.730000  1.003004 
7.740000  1.002356 
7.750000  1.004643 
7.760000  1.004821 
7.770000  0.999096 
7.780000  1.006366 
7.790000  1.009148 
7.800000  1.001708 
7.810000  1.001889 
7.820000  1.006736 
7.830000  1.002313 
7.840000  1.008555 
7.850000  1.000849 
7.860000  1.007599 
7.870000  1.005959 
7.880000  1.001670 
7.890000  0.999883 
7.900000  1.003310 
7.910000  1.007612 
7.920000  1.011571 
7.930000  1.003083 
7.940000  1.010767 
7.950000  1.006847 
7.960000  1.005703 
7.970000  1.009974 
7.980000  1.005858 
7.990000  1.005260 
8.000000  1.006253 
8.010000  1.006676 
8.020000  1.009365 
8.030000  0.997301 
8.040000  1.010218 
8.050000  1.007259 
8.059999  1.008853 
8.070000  1.005413 
8.080000  1.000368 
8.090000  1.003419 
8.099999  1.007380 
8.110000  1.010116 
8.120000  1.007340 
8.130000  1.013496 
8.139999  1.005419 
8.150000  1.007715 
8.160000  1.006407 
8.170000  1.009264 
8.179999  1.007251 
8.190000  1.008654 
8.200000  1.011460 
8.210000  1.003436 
8.220000  1.011772 
8.230000  1.006800 
8.240000  1.015184 
8.250000  1.003295 
8.260000  1.007493 
8.270000  1.007165 
8.280000  1.002835 
8.290000  1.008400 
8.300000  1.011347 
8.309999  1.009974 
8.320000  1.005753 
8.330000  1.006077 
8.340000  1.009659 
8.349999  1.006696 
8.360000  1.011238 
8.370000  1.006079 
8.380000  1.006819 
8.389999  1.010648 
8.400000  1.010529 
8.410000  1.010556 
8.420000  1.009386 
8.429999  1.006272 
8.440000  1.004550 
8.450000  1.012378 
8.460000  1.002671 
8.470000  0.998488 
8.480000  1.010286 
8.490000  0.996317 
8.500000  1.000627 
8.510000  1.008914 
8.520000  1.005789 
8.530000  1.000759 
8.540000  1.006902 
8.550000  1.008184 
8.559999  1.010003 
8.570000  1.004664 
8.580000  1.003504 
8.590000  1.001551 
8.599999  1.003828 
8.610000  1.008736 
8.620000  1.004565 
8.630000  1.011229 
8.639999  1.002515 
8.650000  1.013559 
8.660000  0.999194 
8.670000  1.006455 
8.679999  1.016389 
8.690000  1.004489 
8.700000  1.004514 
8.710000  1.009146 
8.720000  1.005476 
8.730000  1.001995 
8.740000  1.000312 
8.750000  1.006134 
8.760000  1.004580 
8.770000  1.003020 
8.780000  1.004817 
8.790000  1.005333 
8.800000  1.002433 
8.809999  0.999048 
8.820000  0.994346 
8.830000  1.002485 
8.840000  1.008358 
8.849999  1.004286 
8.860000  1.007890 
8.870000  1.006532 
8.880000  1.001453 
8.889999  1.008018 
8.900000  1.007662 
8.910000  1.003203 
8.920000  1.006019 
8.929999  1.008988 
8.940000  1.006478 
8.950000  0.999148 
8.960000  1.010254 
8.970000  1.004969 
8.980000  1.008116 
8.990000  1.007571 
9.000000  1.006655 
9.010000  1.010990 
9.020000  1.005208 
9.030000  1.008113 
9.040000  1.006436 
9.050000  0.999708 
9.059999  1.005548 
9.070000  1.004299 
9.080000  1.004339 
9.090000  0.997918 
9.099999  1.005478 
9.110000  1.001777 
9.120000  0.999922 
9.130000  1.000084 
9.139999  1.003257 
9.150000  1.001582 
9.160000  1.001053 
9.170000  1.005400 
9.179999  1.005322 
9.190000  1.003205 
9.200000  1.002099 
9.210000  1.004440 
9.220000  1.002315 
9.230000  1.006130 
9.240000  1.001897 
9.250000  1.001307 
9.260000  1.001563 
9.270000  1.003725 
9.280000  0.999545 
9.290000  1.000104 
9.300000  1.001226 
9.309999  1.004120 
9.320000  1.003028 
9.330000  1.004272 
9.340000  1.002370 
9.349999  1.008383 
9.360000  1.005256 
9.370000  1.006225 
9.380000  0.993512 
9.389999  1.003559 
9.400000  0.998569 
9.410000  1.006411 
9.420000  1.000689 
9.429999  1.004722 
9.440000  1.009398 
9.450000  1.001498 
9.460000  0.996975 
9.469999  1.007566 
9.480000  1.002230 
9.490000  0.999248 
9.500000  1.005427 
9.510000  0.996272 
9.520000  1.004465 
9.530000  1.004056 
9.540000  1.003872 
9.550000  1.004182 
9.559999  1.007307 
9.570000  1.002441 
9.580000  1.008279 
9.590000  1.010277 
9.599999  1.001652 
9.610000  1.007094 
9.620000  1.014645 
9.630000  1.005785 
9.639999  1.013354 
9.650000  1.004362 
9.660000  1.007354 
9.670000  1.007405 
9.679999  1.010534 
9.690000  1.004591 
9.700000  1.010448 
9.710000  1.012943 
9.719999  1.008083 
9.730000  1.004731 
9.740000  1.009910 
9.750000  1.005630 
9.760000  1.006725 
9.770000  1.012809 
9.780000  1.012014 
9.790000  1.006200 
9.800000  1.011377 
9.809999  1.013943 
9.820000  1.012340 
9.830000  1.005429 
9.840000  1.003915 
9.849999  1.005308 
9.860000  1.005390 
9.870000  1.007294 
9.880000  1.007444 
9.889999  1.012809 
9.900000  1.012845 
9.910000  1.010461 
9.920000  1.010975 
9.929999  1.009987 
9.940000  1.011903 
9.950000  1.014335 
9.960000  1.013090 
9.969999  1.013376 
9.980000  1.011304 
9.990000  1.008356 
