4.020612 0.551742
4.363964 0.553706
4.704880 0.555669
4.375978 0.551742
5.337742 0.553706
5.763418 0.555669
5.746586 0.557633
5.116741 0.559596
5.800560 0.561560
6.653551 0.563523
6.200479 0.565487
6.009675 0.567450
6.336639 0.569414
5.975125 0.571377
5.872545 0.573341
6.026239 0.575304
5.839285 0.577268
5.738214 0.579231
5.806477 0.581195
6.042356 0.583158
5.774110 0.585122
5.758090 0.587085
5.908568 0.589049
5.643450 0.591012
3.942278 0.549779
4.120598 0.549779
4.668707 0.547815
4.799186 0.541925
6.058044 0.591012
6.702386 0.592976
6.848243 0.594939
7.239431 0.596903
7.791700 0.598866
8.421908 0.600830
8.560239 0.602793
9.102810 0.604757
8.349617 0.606720
8.406335 0.608684
8.623176 0.610647
8.678650 0.612611
8.893228 0.614574
8.868010 0.616538
8.684508 0.618501
8.818054 0.620465
9.454613 0.632246
9.358829 0.634209
8.591673 0.638136
8.344815 0.640100
